50 50
0 2
0 6
0 11
0 28
0 30
0 39
1 12
1 15
1 46
1 48
2 1
2 2
2 34
2 35
2 38
2 40
2 43
3 1
3 37
3 38
4 13
4 25
4 31
4 48
5 0
5 7
5 33
5 36
5 38
5 46
5 49
6 1
6 3
6 30
6 48
7 18
7 29
7 35
8 21
8 30
8 43
8 45
9 0
9 9
9 34
9 41
10 5
10 15
10 18
10 23
10 25
10 27
10 46
11 1
11 18
11 23
11 26
11 28
11 30
11 44
12 6
12 14
12 19
12 24
12 33
12 41
13 4
13 18
13 28
13 30
13 36
13 49
14 15
14 32
14 39
15 6
15 13
15 14
15 23
15 35
16 2
16 8
16 9
16 21
16 27
16 28
16 32
16 42
17 7
17 10
17 17
17 20
17 41
18 2
18 14
18 38
19 6
19 12
19 24
19 40
19 46
20 8
20 19
20 21
20 26
20 36
21 1
21 7
21 9
21 18
21 31
22 12
22 13
22 17
22 30
22 31
23 33
23 49
24 2
24 5
24 8
24 9
24 11
24 16
24 41
25 2
25 3
25 12
26 4
26 9
26 19
26 31
26 33
26 36
26 43
27 13
27 22
27 23
28 18
28 21
28 39
28 44
29 4
29 13
29 20
29 27
29 33
29 36
29 44
30 5
30 9
30 42
31 3
31 7
31 14
31 19
31 44
32 16
32 22
32 29
32 30
32 32
32 43
33 1
33 4
33 44
33 45
34 6
34 24
34 30
34 36
34 48
35 2
35 12
35 20
35 46
36 3
36 9
36 10
36 18
37 12
37 18
37 19
37 20
37 33
37 40
37 44
38 14
38 28
38 38
38 40
38 47
39 0
39 8
39 11
39 12
39 26
39 28
39 39
39 48
40 3
40 11
40 18
40 25
40 42
40 47
41 20
41 24
41 31
41 35
41 38
41 43
41 46
41 49
42 7
42 38
42 40
42 44
43 3
43 5
43 8
43 14
43 47
44 29
44 37
45 8
45 26
45 28
45 32
45 36
45 38
45 44
46 20
46 28
46 35
47 20
47 23
47 29
47 38
48 0
48 3
48 4
48 10
48 22
48 37
48 40
48 49
49 4
49 35
49 45
