50 50
0 3
0 7
0 11
0 12
0 15
0 29
0 33
0 34
0 35
1 1
1 15
1 23
1 24
1 26
1 29
2 0
2 1
2 3
2 5
2 8
2 10
2 29
2 31
2 38
2 40
2 43
2 47
3 1
3 12
3 16
3 21
3 28
3 32
3 35
3 36
3 47
4 1
4 6
4 7
4 10
4 17
4 18
4 37
4 41
4 42
4 45
5 0
5 2
5 3
5 4
5 14
5 17
5 22
5 25
5 26
5 27
5 33
5 35
5 39
5 40
5 42
5 49
6 3
6 7
6 13
6 14
6 21
6 26
6 27
6 34
6 38
6 44
6 47
6 48
7 5
7 10
7 12
7 14
7 25
7 30
7 42
7 46
7 49
8 2
8 9
8 15
8 16
8 20
8 34
8 36
8 41
8 42
8 46
9 1
9 9
9 10
9 16
9 24
9 43
9 44
9 46
10 10
10 15
10 22
10 26
10 30
10 34
10 36
10 37
10 44
10 47
11 2
11 5
11 11
11 25
11 29
11 36
11 37
11 40
11 45
11 46
12 7
12 35
12 45
12 49
13 7
13 17
13 18
13 24
13 26
13 32
13 34
13 36
13 43
13 44
13 47
13 48
14 0
14 15
14 32
14 41
14 44
15 5
15 6
15 19
15 25
15 29
15 30
15 34
15 36
15 38
15 41
15 46
16 4
16 8
16 9
16 15
16 18
16 34
16 38
16 39
16 42
16 48
17 6
17 15
17 20
17 22
17 40
17 45
17 46
17 48
18 15
18 16
18 26
18 28
18 34
18 45
19 8
19 11
19 15
19 17
19 18
19 20
19 21
19 23
19 25
19 43
19 44
20 8
20 10
20 12
20 22
20 24
20 28
20 29
20 32
20 42
20 44
20 45
20 47
21 3
21 7
21 8
21 15
21 20
21 22
21 24
21 29
21 39
21 45
21 47
22 6
22 10
22 15
22 16
22 19
22 22
22 28
22 32
22 37
22 44
22 45
22 46
23 6
23 19
23 23
23 29
23 37
23 40
23 45
23 47
23 48
24 8
24 31
24 34
24 37
25 16
25 18
25 20
25 22
25 30
25 36
25 44
25 46
26 17
26 31
26 38
26 39
26 42
26 45
27 0
27 2
27 3
27 7
27 8
27 12
27 16
27 17
27 22
27 24
27 27
27 42
27 45
27 46
28 23
28 27
28 31
28 33
28 37
28 46
28 49
29 2
29 5
29 9
29 13
29 15
29 16
29 20
29 23
29 36
29 43
30 0
30 4
30 5
30 15
30 17
30 18
30 19
30 22
30 26
30 31
30 44
30 46
31 5
31 10
31 16
31 20
31 25
31 26
31 40
31 43
31 46
31 47
31 49
32 0
32 1
32 7
32 11
32 13
32 16
32 26
32 34
32 35
32 37
32 39
32 40
32 44
33 6
33 12
33 14
33 27
33 28
33 31
33 37
34 3
34 4
34 11
34 14
34 15
34 17
34 32
34 39
34 49
35 5
35 8
35 10
35 18
35 19
35 20
35 23
35 26
35 27
35 41
35 43
35 44
35 45
35 48
36 2
36 3
36 14
36 15
36 20
36 24
36 39
37 4
37 5
37 9
37 26
37 34
37 35
37 36
37 37
37 42
37 45
38 3
38 4
38 5
38 8
38 13
38 19
38 22
38 26
38 28
38 30
38 31
38 43
38 48
39 4
39 11
39 23
39 31
39 32
39 38
39 41
40 3
40 12
40 34
40 39
40 42
40 43
41 0
41 5
41 10
41 11
41 14
41 15
41 18
41 22
41 24
41 34
41 35
41 37
41 38
41 48
42 2
42 9
42 12
42 14
42 17
42 20
42 21
42 22
42 23
42 25
42 29
42 33
42 37
42 38
42 39
42 43
42 44
43 9
43 10
43 14
43 16
43 25
43 33
43 45
44 6
44 9
44 14
44 16
44 22
44 25
44 26
44 27
44 29
44 31
44 34
44 36
44 39
44 42
44 47
45 1
45 5
45 6
45 11
45 13
45 17
45 23
45 32
45 36
45 37
45 43
45 44
45 45
45 46
45 47
46 2
46 5
46 8
46 9
46 11
46 16
46 17
46 19
46 21
46 22
46 26
46 27
46 46
46 47
46 48
47 6
47 12
47 14
47 16
47 17
47 18
47 19
47 28
47 33
47 34
47 41
48 1
48 3
48 4
48 5
48 6
48 8
48 12
48 13
48 18
48 25
48 28
48 29
48 40
48 44
48 47
49 0
49 2
49 4
49 6
49 7
49 15
49 19
49 21
49 22
49 24
49 30
49 35
49 36
49 39
49 42
49 44
