100 50
0 7
1 34
1 45
1 48
2 1
2 30
3 8
3 20
3 25
3 28
3 35
4 4
4 19
4 24
5 0
5 21
5 25
6 2
6 7
6 25
6 27
6 30
6 46
7 3
7 9
7 11
7 16
7 27
7 33
7 35
7 37
8 2
8 5
8 27
8 46
9 7
9 8
9 9
9 24
9 30
9 35
9 39
10 5
10 11
10 18
10 22
10 45
10 48
11 1
11 3
11 36
11 39
12 1
12 8
12 14
12 37
12 41
12 49
13 12
13 24
13 38
13 45
14 1
14 2
14 7
14 15
14 33
14 35
15 5
15 21
15 23
15 24
15 27
15 40
15 41
15 43
15 45
16 16
16 18
16 23
16 25
16 30
16 33
16 47
17 21
17 29
17 41
17 45
18 0
18 2
18 10
18 25
18 35
18 38
18 43
18 44
19 3
19 8
19 22
19 34
19 45
20 16
20 20
20 25
20 38
20 39
20 41
20 44
20 46
20 49
21 34
21 38
22 5
22 20
22 23
22 42
23 15
23 25
23 27
23 36
23 47
24 4
24 7
24 20
24 23
24 24
24 26
24 32
24 40
24 46
24 48
25 16
25 21
25 24
25 30
25 31
25 35
27 29
27 36
27 37
28 34
28 40
29 22
29 24
29 28
29 32
29 39
29 46
30 8
30 9
30 10
30 12
30 32
30 36
30 43
31 2
31 9
31 23
31 33
31 40
31 42
32 9
32 14
32 28
32 30
32 33
33 1
33 8
33 15
33 17
33 24
34 5
34 8
34 20
34 45
35 8
35 22
35 32
35 36
35 37
35 40
36 3
36 17
36 24
36 41
37 2
37 3
37 16
37 20
37 23
37 25
37 33
37 44
38 1
38 8
38 11
38 28
38 33
38 36
38 41
38 45
39 1
39 10
39 14
39 19
39 25
39 28
39 39
39 40
39 41
39 42
40 3
40 8
40 15
40 21
40 29
40 31
40 39
41 6
41 14
41 17
41 21
41 26
41 28
41 42
42 4
42 17
42 31
42 33
42 37
42 44
43 2
43 7
43 16
43 23
43 30
43 34
43 45
44 2
44 43
45 3
45 6
45 10
45 14
45 15
45 43
46 21
46 38
46 42
47 5
47 9
47 26
47 33
47 35
48 26
49 43
50 1
50 17
50 19
50 20
50 22
50 45
51 0
51 4
51 5
51 13
51 40
52 1
52 11
52 24
52 27
52 43
53 1
53 3
53 10
53 20
53 32
53 36
53 39
53 40
53 48
54 3
54 47
55 0
55 2
55 3
55 33
55 34
55 43
55 48
55 49
56 16
56 23
56 27
56 29
56 32
57 20
57 28
58 13
58 28
58 49
59 9
59 12
59 36
60 1
60 2
60 4
60 15
60 26
60 35
60 45
61 31
61 35
61 37
62 3
62 17
62 18
62 27
62 34
63 0
63 17
63 21
63 25
63 29
63 33
63 35
63 36
63 38
64 4
64 44
65 15
65 17
65 23
65 49
66 1
66 3
66 12
66 15
66 31
66 40
66 41
66 45
67 4
67 21
67 22
67 30
67 31
67 35
67 36
68 19
68 24
68 31
68 37
68 46
68 49
69 0
69 8
69 11
69 23
69 29
69 30
70 0
70 3
70 15
70 19
70 28
71 6
71 7
71 10
71 18
71 45
72 19
72 22
72 24
72 32
72 42
72 43
72 47
73 22
73 25
73 29
73 34
73 42
73 44
74 10
74 14
74 15
74 24
74 27
74 33
75 8
75 20
75 30
76 7
76 20
76 35
76 41
76 46
77 5
77 13
77 28
77 33
77 35
78 7
78 8
78 10
78 15
79 3
79 23
79 26
79 28
79 34
79 38
80 10
80 11
80 22
80 23
80 25
80 41
81 10
81 14
81 22
81 24
81 30
81 47
82 0
82 5
82 11
82 22
82 47
83 7
83 9
83 11
83 22
83 30
83 34
83 43
84 2
84 12
84 19
84 22
84 23
84 45
84 46
84 48
85 6
85 13
85 25
85 30
85 42
85 44
85 47
86 10
86 18
86 34
86 35
86 36
87 0
87 25
88 8
88 14
88 19
88 28
88 39
88 46
89 5
89 7
89 24
89 29
89 32
89 39
90 5
90 10
90 21
90 45
91 3
91 19
91 23
91 31
92 6
92 8
92 23
92 24
92 32
92 38
92 45
93 3
93 8
93 26
93 46
94 16
94 24
95 10
95 12
95 13
95 15
95 20
95 39
95 43
96 0
96 2
96 7
96 18
96 21
96 28
96 39
96 49
97 12
97 43
97 46
98 7
98 10
98 17
98 21
98 33
98 36
98 37
98 44
98 46
99 7
99 21
99 27
99 39
99 44
