200 50
0 44
0 49
1 7
1 23
1 24
1 37
1 45
1 46
1 48
2 33
2 37
3 1
3 11
3 36
3 40
4 3
4 5
4 6
4 7
4 8
4 11
4 18
5 8
5 10
5 18
5 20
5 21
5 23
5 24
5 36
6 8
6 18
6 25
6 27
6 28
6 37
6 49
7 3
7 13
7 29
7 44
8 8
8 11
8 30
8 46
9 8
9 12
9 16
9 18
9 29
9 45
9 49
10 3
10 17
10 21
10 32
10 36
11 13
11 45
12 2
13 0
13 13
13 20
13 38
13 40
13 41
13 47
14 6
14 7
14 20
14 23
14 46
14 48
15 44
16 6
16 15
16 19
16 33
17 4
17 15
17 29
18 37
18 44
19 14
19 17
19 19
19 20
20 27
20 29
20 40
20 43
21 14
21 20
21 27
21 30
21 42
21 49
22 6
22 11
22 34
22 35
22 43
23 9
23 10
23 32
23 35
23 40
24 3
24 5
24 6
24 21
24 28
24 43
24 48
25 2
25 6
25 16
25 31
25 36
25 46
26 8
26 18
26 29
26 40
26 41
27 0
27 36
27 41
28 12
28 17
28 20
28 35
28 42
28 46
29 3
29 11
29 17
29 24
29 42
29 48
30 1
30 16
30 18
30 27
30 32
31 0
31 9
31 36
31 47
32 18
32 29
33 1
33 11
33 15
33 18
33 22
33 26
33 43
33 47
34 3
34 15
34 35
34 36
34 41
35 1
35 2
35 12
35 15
35 17
35 34
35 36
35 37
35 47
35 49
36 40
36 47
37 12
37 26
37 46
37 47
38 0
38 5
38 6
38 13
38 16
38 21
38 28
38 39
38 44
39 3
39 7
39 16
39 43
40 4
40 26
41 8
41 19
41 37
41 38
42 4
42 29
42 31
42 32
42 39
43 7
43 16
43 22
43 26
43 41
43 47
44 13
44 14
44 18
44 19
44 32
44 38
44 40
44 44
45 20
45 21
45 29
45 37
46 3
46 6
46 8
46 15
46 33
46 37
46 41
46 46
47 5
47 6
47 8
47 24
47 31
48 0
48 1
48 8
48 14
48 25
48 32
48 33
48 35
48 48
49 14
49 21
49 39
49 40
50 28
50 32
51 8
51 19
51 22
51 25
51 26
51 40
52 10
52 21
52 30
52 37
52 42
53 8
53 9
53 15
53 20
53 25
53 28
53 48
54 2
54 25
54 33
54 35
54 41
55 6
55 10
55 23
55 31
55 34
55 42
55 43
56 3
56 7
56 28
56 30
56 38
56 39
57 1
57 8
57 13
57 16
57 18
57 23
57 45
58 0
58 1
58 9
58 30
59 0
59 13
59 20
59 23
59 25
59 46
59 48
60 21
60 47
61 4
61 25
61 38
61 43
62 18
62 21
62 46
63 7
63 22
63 27
63 35
64 13
64 21
64 30
64 37
64 43
64 48
65 20
65 39
66 3
66 26
66 27
66 44
67 3
67 42
67 45
68 15
68 21
68 33
68 36
68 37
68 48
69 22
69 25
69 40
70 0
70 2
70 5
70 25
70 33
70 47
71 3
71 8
71 11
71 37
71 38
72 13
72 31
72 47
73 0
73 10
73 20
73 29
73 31
73 34
73 36
73 42
74 2
74 19
74 25
74 27
74 28
74 45
74 46
75 1
75 12
75 31
75 33
75 39
75 40
75 46
76 11
76 15
76 25
76 43
77 10
77 11
77 14
77 29
77 42
78 5
78 8
78 10
78 16
78 29
78 41
79 1
79 11
79 22
79 31
79 32
79 33
79 45
80 16
80 26
80 31
80 39
81 30
81 32
81 34
82 18
82 23
82 27
82 29
82 33
82 36
82 45
83 4
83 7
83 11
83 13
83 27
83 30
84 40
85 14
85 19
85 29
85 30
85 31
85 46
85 47
86 1
86 2
86 9
86 17
86 26
86 27
86 35
86 42
87 2
87 5
87 11
87 13
87 14
88 0
88 18
88 20
88 25
88 42
88 49
89 1
89 4
89 7
89 12
89 28
89 36
89 42
90 16
90 40
90 41
90 43
90 48
91 35
91 49
92 9
92 14
92 31
92 45
93 28
93 31
93 48
94 14
94 16
94 37
94 43
94 44
94 45
95 0
95 6
95 13
95 17
95 19
95 26
95 29
95 33
95 45
96 4
96 9
96 37
97 1
97 16
97 18
97 24
97 25
97 37
97 48
98 0
98 6
98 10
99 1
99 4
99 20
99 28
99 36
99 49
100 1
100 26
100 29
100 31
101 2
101 5
101 22
101 23
101 24
101 29
101 34
101 45
101 47
102 3
102 6
102 12
102 20
102 26
102 32
102 34
102 35
102 38
102 39
102 43
102 44
103 5
103 6
103 9
103 12
103 27
103 33
103 42
103 46
104 2
104 19
104 35
104 49
105 17
105 22
105 28
106 0
106 12
106 20
106 30
107 16
107 19
107 21
107 22
107 28
107 32
107 34
107 38
107 44
108 7
108 27
108 32
108 35
108 36
108 42
109 0
109 23
109 34
110 13
110 30
110 33
111 5
111 14
111 18
111 24
111 32
111 35
111 45
111 47
111 49
112 11
112 15
112 19
112 41
113 12
113 35
113 36
113 48
114 10
114 25
114 32
114 36
114 46
115 7
115 31
115 35
116 0
116 9
116 13
116 22
116 23
116 27
116 43
116 44
117 1
117 5
117 21
117 39
117 46
118 13
118 26
118 37
119 45
120 2
120 8
120 12
121 3
121 11
121 14
121 17
121 31
121 32
121 48
122 9
122 13
122 14
122 23
123 4
123 16
123 19
123 31
123 32
123 34
123 42
124 11
124 13
124 39
125 1
125 16
125 17
125 37
125 42
126 12
126 35
126 40
127 15
127 19
127 29
127 34
128 20
128 23
128 26
128 30
129 7
129 40
130 9
130 10
130 18
130 20
130 35
131 3
131 13
131 15
131 25
131 39
131 48
131 49
132 0
132 48
133 9
133 18
133 37
134 1
134 10
134 13
134 21
134 26
134 34
134 38
134 40
135 8
135 9
135 26
135 35
135 36
135 45
136 37
137 19
137 21
137 24
137 31
138 9
138 11
138 16
138 17
138 20
138 37
139 2
139 24
140 7
140 16
140 37
141 0
141 14
141 21
141 24
141 29
141 30
141 34
141 39
141 41
141 43
141 45
142 6
142 10
142 14
142 20
142 22
142 23
142 25
142 29
142 34
142 40
142 45
143 2
143 13
143 27
144 1
144 12
144 36
145 12
145 13
145 14
145 19
145 34
145 35
145 37
145 38
145 45
146 2
146 12
146 16
146 26
146 30
146 38
146 41
147 28
147 31
147 37
147 41
148 9
148 30
148 32
148 43
149 26
149 43
150 11
150 13
150 24
150 26
150 30
151 9
151 15
151 37
151 38
151 39
151 42
152 2
152 12
152 16
152 20
152 28
152 31
152 34
152 35
153 1
153 12
153 28
153 41
153 46
153 48
154 0
154 3
154 6
154 7
154 21
154 23
154 27
154 40
155 1
155 14
155 15
155 25
155 33
155 37
155 43
156 6
156 29
156 30
156 36
157 15
157 27
157 32
157 35
157 42
157 48
158 15
158 25
158 35
158 42
158 43
159 3
159 11
159 13
159 36
159 37
160 1
160 5
160 8
160 15
161 29
161 41
161 49
162 2
162 17
162 19
162 38
163 43
164 10
164 16
164 30
164 40
165 2
165 28
165 35
165 45
166 1
166 4
166 7
166 30
166 36
166 41
166 42
166 45
167 7
167 9
167 36
167 45
168 6
168 7
168 41
168 47
169 9
169 15
169 35
170 25
170 30
171 6
171 9
171 15
171 32
171 36
171 37
172 26
172 31
173 12
173 14
173 39
174 3
174 4
174 22
174 35
174 36
175 40
176 9
176 17
176 25
176 41
176 44
176 48
177 24
177 25
177 33
177 41
178 0
178 3
178 4
178 8
178 15
178 27
178 41
178 46
179 1
179 3
179 7
179 8
179 10
179 17
179 42
180 1
180 6
180 8
180 9
180 10
180 27
180 30
180 31
181 6
181 9
181 25
181 26
181 29
182 8
182 11
182 14
182 17
182 23
182 33
182 34
182 38
182 41
183 0
183 24
183 25
183 27
183 43
184 2
184 12
184 19
184 36
185 2
185 12
185 15
185 28
185 32
185 34
185 38
185 48
186 23
186 26
186 40
186 44
187 6
187 9
187 21
187 29
187 34
188 1
188 4
188 8
188 10
188 12
188 13
188 16
189 8
189 19
189 22
189 43
190 8
190 29
190 33
190 47
190 49
191 5
191 11
191 28
191 32
191 39
191 49
192 3
192 6
192 34
192 48
193 2
193 16
193 43
193 47
194 6
194 19
195 2
195 3
195 11
195 14
195 16
195 17
195 18
195 26
195 35
196 18
196 20
196 36
196 38
197 8
197 16
197 17
197 44
198 9
198 31
198 41
199 0
199 5
199 13
199 25
199 28
199 38
