50 50
0 2
0 6
0 13
0 16
0 17
0 22
0 25
0 26
0 29
0 31
0 32
0 39
0 40
0 41
0 43
0 45
0 46
0 49
1 6
1 7
1 9
1 13
1 14
1 16
1 24
1 26
1 29
1 30
1 31
1 32
1 34
1 35
1 37
1 47
2 1
2 3
2 4
2 6
2 16
2 19
2 22
2 28
2 29
2 30
2 33
2 34
2 35
2 36
2 38
2 39
2 41
2 42
2 43
2 44
2 45
2 49
3 7
3 8
3 12
3 16
3 17
3 22
3 23
3 27
3 34
3 36
3 40
3 45
4 5
4 9
4 15
4 16
4 17
4 19
4 20
4 24
4 28
4 37
4 39
4 42
4 44
4 45
5 0
5 1
5 2
5 11
5 13
5 18
5 20
5 25
5 26
5 28
5 35
5 36
5 37
5 38
5 39
5 43
5 44
5 49
6 1
6 2
6 4
6 6
6 8
6 12
6 14
6 15
6 17
6 23
6 25
6 26
6 29
6 30
6 34
6 35
6 37
6 38
6 41
6 44
6 45
7 4
7 9
7 11
7 14
7 17
7 21
7 25
7 26
7 30
7 32
7 34
7 39
7 44
7 45
7 46
8 0
8 3
8 7
8 9
8 12
8 13
8 19
8 25
8 29
8 31
8 32
8 36
8 38
8 41
9 2
9 7
9 8
9 11
9 13
9 19
9 21
9 23
9 25
9 26
9 28
9 30
9 37
9 38
9 41
9 42
9 45
9 49
10 3
10 13
10 18
10 19
10 21
10 24
10 26
10 28
10 31
10 39
10 41
10 42
10 45
10 49
11 6
11 12
11 14
11 15
11 18
11 34
11 38
11 39
11 42
11 46
11 48
12 13
12 15
12 18
12 24
12 26
12 28
12 30
12 36
12 37
12 38
12 42
12 44
12 46
13 0
13 7
13 9
13 12
13 13
13 15
13 21
13 24
13 26
13 27
13 29
13 30
13 31
13 32
13 34
13 36
13 38
13 41
13 45
13 46
13 48
14 2
14 11
14 13
14 16
14 22
14 25
14 26
14 41
14 42
14 43
14 48
14 49
15 2
15 5
15 7
15 8
15 17
15 18
15 19
15 20
15 27
15 31
15 38
15 41
15 42
15 44
15 45
15 49
16 5
16 8
16 13
16 16
16 22
16 23
16 30
16 33
16 40
16 44
17 1
17 12
17 13
17 16
17 18
17 22
17 24
17 26
17 27
17 28
17 30
17 33
17 36
17 38
17 41
17 42
17 43
17 47
17 49
18 7
18 9
18 11
18 12
18 15
18 16
18 18
18 21
18 24
18 27
18 28
18 29
18 32
18 35
18 43
18 44
18 49
19 4
19 5
19 7
19 9
19 12
19 13
19 15
19 18
19 22
19 25
19 27
19 28
19 33
19 34
19 35
19 37
19 45
19 49
20 0
20 1
20 3
20 7
20 9
20 10
20 13
20 14
20 16
20 17
20 18
20 19
20 20
20 23
20 29
20 34
20 35
20 37
20 40
20 46
20 47
21 3
21 21
21 23
21 25
21 26
21 27
21 30
21 32
21 36
21 37
21 40
21 43
21 44
21 45
21 46
21 47
22 0
22 3
22 13
22 17
22 18
22 19
22 27
22 30
22 31
22 36
22 41
22 47
22 48
22 49
23 8
23 11
23 21
23 22
23 23
23 26
23 28
23 29
23 30
23 31
23 32
23 33
23 34
23 35
23 36
23 40
23 42
23 48
24 10
24 11
24 14
24 15
24 19
24 22
24 23
24 24
24 25
24 28
24 31
24 35
24 37
24 40
24 45
24 47
25 3
25 4
25 15
25 17
25 22
25 26
25 30
25 31
25 33
25 44
25 47
26 0
26 4
26 5
26 10
26 12
26 15
26 16
26 22
26 23
26 28
26 32
26 45
26 47
26 48
26 49
27 3
27 5
27 6
27 7
27 8
27 9
27 12
27 17
27 20
27 21
27 22
27 25
27 27
27 30
27 31
27 33
27 38
27 39
27 42
27 43
27 46
27 47
28 0
28 2
28 8
28 9
28 14
28 17
28 19
28 22
28 24
28 25
28 27
28 30
28 32
28 39
28 42
28 44
28 48
29 0
29 10
29 11
29 14
29 25
29 30
29 37
29 38
29 45
30 0
30 2
30 3
30 9
30 11
30 15
30 19
30 20
30 22
30 23
30 24
30 28
30 30
30 40
30 41
30 43
30 49
31 1
31 2
31 3
31 6
31 11
31 21
31 22
31 26
31 29
31 33
31 34
31 43
31 45
31 46
31 49
32 1
32 10
32 12
32 13
32 16
32 19
32 21
32 22
32 23
32 25
32 28
32 29
32 33
32 36
32 42
32 45
32 46
32 47
32 48
33 3
33 4
33 6
33 7
33 16
33 20
33 29
33 30
33 32
33 37
33 39
33 40
33 41
33 45
34 4
34 6
34 11
34 15
34 17
34 19
34 22
34 28
34 30
34 31
34 34
34 35
34 36
34 39
34 41
34 43
34 44
34 47
35 3
35 4
35 8
35 10
35 13
35 14
35 15
35 19
35 28
35 37
35 38
35 44
35 45
35 47
35 49
36 4
36 14
36 15
36 16
36 17
36 20
36 25
36 26
36 29
36 33
36 36
36 37
36 39
36 41
36 45
36 46
36 49
37 4
37 8
37 10
37 11
37 17
37 21
37 22
37 26
37 27
37 34
37 35
37 36
37 37
37 38
37 40
37 41
37 42
37 43
37 44
37 46
37 47
37 48
38 0
38 3
38 12
38 14
38 15
38 16
38 20
38 21
38 27
38 28
38 29
38 32
38 34
38 35
38 38
38 41
38 42
38 44
38 46
38 49
39 0
39 2
39 4
39 7
39 13
39 17
39 19
39 23
39 25
39 32
39 36
39 37
39 39
39 40
39 43
40 5
40 13
40 20
40 23
40 24
40 26
40 35
40 38
40 40
40 41
41 0
41 1
41 3
41 8
41 9
41 12
41 13
41 14
41 17
41 18
41 19
41 20
41 23
41 25
41 30
41 32
41 34
41 37
41 39
41 44
41 45
41 47
41 49
42 0
42 3
42 8
42 12
42 15
42 17
42 20
42 23
42 25
42 27
42 31
42 32
42 37
42 43
42 48
43 4
43 6
43 8
43 9
43 13
43 14
43 18
43 19
43 22
43 23
43 24
43 25
43 26
43 30
43 31
43 33
43 34
43 35
43 41
43 47
44 2
44 3
44 4
44 5
44 12
44 13
44 14
44 17
44 22
44 24
44 25
44 32
44 33
44 34
44 39
44 42
44 47
44 48
45 2
45 4
45 6
45 9
45 10
45 15
45 22
45 23
45 26
45 27
45 28
45 30
45 34
45 36
45 48
45 49
46 1
46 2
46 5
46 9
46 11
46 13
46 14
46 16
46 18
46 20
46 21
46 27
46 28
46 33
46 35
46 42
46 48
46 49
47 0
47 3
47 5
47 10
47 15
47 18
47 21
47 24
47 27
47 29
47 37
47 41
47 42
47 43
47 44
47 45
47 47
47 48
47 49
48 0
48 1
48 3
48 4
48 6
48 7
48 9
48 11
48 15
48 18
48 20
48 24
48 26
48 28
48 29
48 33
48 34
48 40
48 44
48 46
48 47
49 1
49 3
49 7
49 8
49 11
49 15
49 17
49 18
49 22
49 28
49 31
49 39
49 42
49 44
49 47
